Coordinates for images

Birds

Blue:   0.0 1.0
        0.0 0.8
        0.25 0.8
        0.25 1.0

Red:    0.0 0.6
        0.0 0.4
        0.25 0.4
        0.25 0.6

Green:  0.0 0.2
        0.0 0.0
        0.25 0.0
        0.25 0.2

Orange: 0.0 0.4
        0.0 0.2
        0.25 0.2
        0.25 0.4

Purple: 0.0 0.8
        0.0 0.6
        0.25 0.6
        0.25 0.8

Missiles

Blue:   0.0 1.0
        0.0 0.5
        0.25 0.5
        0.25 1.0

Red:    0.5 1.0
        0.5 0.5
        0.75 0.5
        0.75 1.0

Green:  0.0 0.5
        0.0 0.0
        0.25 0.0
        0.25 0.5

Yellow: 0.5 0.5
        0.5 0.0
        0.75 0.0
        0.75 0.5

